3.340000000000000000e+02 3.740000000000000000e+02
3.340000000000000000e+02 3.740000000000000000e+02
3.340000000000000000e+02 3.740000000000000000e+02
3.340000000000000000e+02 3.880000000000000000e+02
3.340000000000000000e+02 3.980000000000000000e+02
3.340000000000000000e+02 3.980000000000000000e+02
3.340000000000000000e+02 3.980000000000000000e+02
3.340000000000000000e+02 3.980000000000000000e+02
3.340000000000000000e+02 3.980000000000000000e+02
3.340000000000000000e+02 3.980000000000000000e+02
3.340000000000000000e+02 3.980000000000000000e+02
3.340000000000000000e+02 3.980000000000000000e+02
3.340000000000000000e+02 3.980000000000000000e+02
3.340000000000000000e+02 3.980000000000000000e+02
3.340000000000000000e+02 3.980000000000000000e+02
3.340000000000000000e+02 3.980000000000000000e+02
3.340000000000000000e+02 3.980000000000000000e+02
3.340000000000000000e+02 3.980000000000000000e+02
3.340000000000000000e+02 3.980000000000000000e+02
3.340000000000000000e+02 3.980000000000000000e+02
3.340000000000000000e+02 3.980000000000000000e+02
3.340000000000000000e+02 3.980000000000000000e+02
3.340000000000000000e+02 3.980000000000000000e+02
3.340000000000000000e+02 3.980000000000000000e+02
3.340000000000000000e+02 3.980000000000000000e+02
3.340000000000000000e+02 3.980000000000000000e+02
3.340000000000000000e+02 3.980000000000000000e+02
3.340000000000000000e+02 3.980000000000000000e+02
3.340000000000000000e+02 3.980000000000000000e+02
3.340000000000000000e+02 3.980000000000000000e+02
3.340000000000000000e+02 3.980000000000000000e+02
3.340000000000000000e+02 3.980000000000000000e+02
3.340000000000000000e+02 3.980000000000000000e+02
3.340000000000000000e+02 3.990000000000000000e+02
3.340000000000000000e+02 3.990000000000000000e+02
3.340000000000000000e+02 3.990000000000000000e+02
3.340000000000000000e+02 3.990000000000000000e+02
3.340000000000000000e+02 3.990000000000000000e+02
3.340000000000000000e+02 3.990000000000000000e+02
3.340000000000000000e+02 3.990000000000000000e+02
3.340000000000000000e+02 3.990000000000000000e+02
3.340000000000000000e+02 4.030000000000000000e+02
3.430000000000000000e+02 4.010000000000000000e+02
3.430000000000000000e+02 4.010000000000000000e+02
3.440000000000000000e+02 3.450000000000000000e+02
3.440000000000000000e+02 3.450000000000000000e+02
3.440000000000000000e+02 3.450000000000000000e+02
3.440000000000000000e+02 3.450000000000000000e+02
3.440000000000000000e+02 3.450000000000000000e+02
3.440000000000000000e+02 3.450000000000000000e+02
3.440000000000000000e+02 3.450000000000000000e+02
3.440000000000000000e+02 3.450000000000000000e+02
3.440000000000000000e+02 3.450000000000000000e+02
3.440000000000000000e+02 3.450000000000000000e+02
3.440000000000000000e+02 3.450000000000000000e+02
3.440000000000000000e+02 3.450000000000000000e+02
3.440000000000000000e+02 3.840000000000000000e+02
3.440000000000000000e+02 3.840000000000000000e+02
3.440000000000000000e+02 3.840000000000000000e+02
3.440000000000000000e+02 3.840000000000000000e+02
3.440000000000000000e+02 3.840000000000000000e+02
3.440000000000000000e+02 3.840000000000000000e+02
3.440000000000000000e+02 3.840000000000000000e+02
3.440000000000000000e+02 3.900000000000000000e+02
3.440000000000000000e+02 3.900000000000000000e+02
3.440000000000000000e+02 3.930000000000000000e+02
3.440000000000000000e+02 3.930000000000000000e+02
3.440000000000000000e+02 3.990000000000000000e+02
3.450000000000000000e+02 3.700000000000000000e+02
3.450000000000000000e+02 3.700000000000000000e+02
3.450000000000000000e+02 3.770000000000000000e+02
3.450000000000000000e+02 3.840000000000000000e+02
3.450000000000000000e+02 3.840000000000000000e+02
3.450000000000000000e+02 3.840000000000000000e+02
3.450000000000000000e+02 3.840000000000000000e+02
3.450000000000000000e+02 3.840000000000000000e+02
3.450000000000000000e+02 3.840000000000000000e+02
3.450000000000000000e+02 3.840000000000000000e+02
3.450000000000000000e+02 3.840000000000000000e+02
3.660000000000000000e+02 3.770000000000000000e+02
3.660000000000000000e+02 3.850000000000000000e+02
3.660000000000000000e+02 3.950000000000000000e+02
3.660000000000000000e+02 3.950000000000000000e+02
3.660000000000000000e+02 3.950000000000000000e+02
3.660000000000000000e+02 3.950000000000000000e+02
3.660000000000000000e+02 3.950000000000000000e+02
3.660000000000000000e+02 3.950000000000000000e+02
3.660000000000000000e+02 3.950000000000000000e+02
3.660000000000000000e+02 3.950000000000000000e+02
3.660000000000000000e+02 3.950000000000000000e+02
3.660000000000000000e+02 3.950000000000000000e+02
3.660000000000000000e+02 3.950000000000000000e+02
3.660000000000000000e+02 3.950000000000000000e+02
3.660000000000000000e+02 3.950000000000000000e+02
3.660000000000000000e+02 3.950000000000000000e+02
3.660000000000000000e+02 3.950000000000000000e+02
3.660000000000000000e+02 3.950000000000000000e+02
3.660000000000000000e+02 3.950000000000000000e+02
3.660000000000000000e+02 3.950000000000000000e+02
3.660000000000000000e+02 3.950000000000000000e+02
3.660000000000000000e+02 3.950000000000000000e+02
3.660000000000000000e+02 3.950000000000000000e+02
3.660000000000000000e+02 3.950000000000000000e+02
3.660000000000000000e+02 3.950000000000000000e+02
3.660000000000000000e+02 3.950000000000000000e+02
3.660000000000000000e+02 3.950000000000000000e+02
3.660000000000000000e+02 3.950000000000000000e+02
3.660000000000000000e+02 3.950000000000000000e+02
3.660000000000000000e+02 3.950000000000000000e+02
3.660000000000000000e+02 3.950000000000000000e+02
3.660000000000000000e+02 3.950000000000000000e+02
3.660000000000000000e+02 3.950000000000000000e+02
3.660000000000000000e+02 3.950000000000000000e+02
3.660000000000000000e+02 3.950000000000000000e+02
3.660000000000000000e+02 3.950000000000000000e+02
3.660000000000000000e+02 3.950000000000000000e+02
3.660000000000000000e+02 3.950000000000000000e+02
3.660000000000000000e+02 3.950000000000000000e+02
3.660000000000000000e+02 3.950000000000000000e+02
3.660000000000000000e+02 3.950000000000000000e+02
3.660000000000000000e+02 3.950000000000000000e+02
3.660000000000000000e+02 3.950000000000000000e+02
3.660000000000000000e+02 3.950000000000000000e+02
3.660000000000000000e+02 3.950000000000000000e+02
3.660000000000000000e+02 3.950000000000000000e+02
3.660000000000000000e+02 3.950000000000000000e+02
3.660000000000000000e+02 3.950000000000000000e+02
3.660000000000000000e+02 3.950000000000000000e+02
3.660000000000000000e+02 3.950000000000000000e+02
3.660000000000000000e+02 3.990000000000000000e+02
3.660000000000000000e+02 4.050000000000000000e+02
3.660000000000000000e+02 4.050000000000000000e+02
3.660000000000000000e+02 4.060000000000000000e+02
3.660000000000000000e+02 4.060000000000000000e+02
3.660000000000000000e+02 4.070000000000000000e+02
3.660000000000000000e+02 4.070000000000000000e+02
3.660000000000000000e+02 4.070000000000000000e+02
3.700000000000000000e+02 3.770000000000000000e+02
3.700000000000000000e+02 3.920000000000000000e+02
3.700000000000000000e+02 4.010000000000000000e+02
3.700000000000000000e+02 4.020000000000000000e+02
3.700000000000000000e+02 4.060000000000000000e+02
3.730000000000000000e+02 3.740000000000000000e+02
3.730000000000000000e+02 3.740000000000000000e+02
3.730000000000000000e+02 3.740000000000000000e+02
3.730000000000000000e+02 3.740000000000000000e+02
3.730000000000000000e+02 3.740000000000000000e+02
3.730000000000000000e+02 3.740000000000000000e+02
3.730000000000000000e+02 3.740000000000000000e+02
3.730000000000000000e+02 3.740000000000000000e+02
3.730000000000000000e+02 3.740000000000000000e+02
3.730000000000000000e+02 3.740000000000000000e+02
3.730000000000000000e+02 3.740000000000000000e+02
3.730000000000000000e+02 3.740000000000000000e+02
3.730000000000000000e+02 3.740000000000000000e+02
3.730000000000000000e+02 3.740000000000000000e+02
3.730000000000000000e+02 3.740000000000000000e+02
3.730000000000000000e+02 3.740000000000000000e+02
3.730000000000000000e+02 3.740000000000000000e+02
3.730000000000000000e+02 3.740000000000000000e+02
3.730000000000000000e+02 3.740000000000000000e+02
3.730000000000000000e+02 3.740000000000000000e+02
3.730000000000000000e+02 3.740000000000000000e+02
3.730000000000000000e+02 3.740000000000000000e+02
3.730000000000000000e+02 3.740000000000000000e+02
3.730000000000000000e+02 3.740000000000000000e+02
3.730000000000000000e+02 3.740000000000000000e+02
3.730000000000000000e+02 3.740000000000000000e+02
3.730000000000000000e+02 3.740000000000000000e+02
3.730000000000000000e+02 3.740000000000000000e+02
3.730000000000000000e+02 3.740000000000000000e+02
3.730000000000000000e+02 3.740000000000000000e+02
3.730000000000000000e+02 3.740000000000000000e+02
3.730000000000000000e+02 3.740000000000000000e+02
3.730000000000000000e+02 3.740000000000000000e+02
3.730000000000000000e+02 3.740000000000000000e+02
3.730000000000000000e+02 3.740000000000000000e+02
3.730000000000000000e+02 3.740000000000000000e+02
3.730000000000000000e+02 3.740000000000000000e+02
3.730000000000000000e+02 3.740000000000000000e+02
3.730000000000000000e+02 3.740000000000000000e+02
3.730000000000000000e+02 3.740000000000000000e+02
3.730000000000000000e+02 3.740000000000000000e+02
3.730000000000000000e+02 3.740000000000000000e+02
3.730000000000000000e+02 3.740000000000000000e+02
3.730000000000000000e+02 3.740000000000000000e+02
3.730000000000000000e+02 3.740000000000000000e+02
3.730000000000000000e+02 3.740000000000000000e+02
3.730000000000000000e+02 3.740000000000000000e+02
3.730000000000000000e+02 3.740000000000000000e+02
3.730000000000000000e+02 3.740000000000000000e+02
3.730000000000000000e+02 3.740000000000000000e+02
3.730000000000000000e+02 3.740000000000000000e+02
3.730000000000000000e+02 3.740000000000000000e+02
3.730000000000000000e+02 3.740000000000000000e+02
3.730000000000000000e+02 3.740000000000000000e+02
3.730000000000000000e+02 3.740000000000000000e+02
3.730000000000000000e+02 3.740000000000000000e+02
3.730000000000000000e+02 3.740000000000000000e+02
3.730000000000000000e+02 3.740000000000000000e+02
3.730000000000000000e+02 3.740000000000000000e+02
3.730000000000000000e+02 3.740000000000000000e+02
3.730000000000000000e+02 3.740000000000000000e+02
3.730000000000000000e+02 3.980000000000000000e+02
3.730000000000000000e+02 4.020000000000000000e+02
3.730000000000000000e+02 4.070000000000000000e+02
3.740000000000000000e+02 3.980000000000000000e+02
3.740000000000000000e+02 3.980000000000000000e+02
3.740000000000000000e+02 3.980000000000000000e+02
3.740000000000000000e+02 3.980000000000000000e+02
3.740000000000000000e+02 3.980000000000000000e+02
3.740000000000000000e+02 3.990000000000000000e+02
3.770000000000000000e+02 3.850000000000000000e+02
3.770000000000000000e+02 3.860000000000000000e+02
3.770000000000000000e+02 3.880000000000000000e+02
3.770000000000000000e+02 3.880000000000000000e+02
3.770000000000000000e+02 3.880000000000000000e+02
3.770000000000000000e+02 3.920000000000000000e+02
3.770000000000000000e+02 3.920000000000000000e+02
3.770000000000000000e+02 3.920000000000000000e+02
3.770000000000000000e+02 3.920000000000000000e+02
3.840000000000000000e+02 3.900000000000000000e+02
3.840000000000000000e+02 3.930000000000000000e+02
3.840000000000000000e+02 3.930000000000000000e+02
3.840000000000000000e+02 3.990000000000000000e+02
3.850000000000000000e+02 3.860000000000000000e+02
3.850000000000000000e+02 3.860000000000000000e+02
3.850000000000000000e+02 3.860000000000000000e+02
3.850000000000000000e+02 3.860000000000000000e+02
3.850000000000000000e+02 3.860000000000000000e+02
3.850000000000000000e+02 3.860000000000000000e+02
3.850000000000000000e+02 3.860000000000000000e+02
3.850000000000000000e+02 3.860000000000000000e+02
3.850000000000000000e+02 3.860000000000000000e+02
3.850000000000000000e+02 3.860000000000000000e+02
3.850000000000000000e+02 3.860000000000000000e+02
3.850000000000000000e+02 3.860000000000000000e+02
3.850000000000000000e+02 3.860000000000000000e+02
3.850000000000000000e+02 3.860000000000000000e+02
3.850000000000000000e+02 3.860000000000000000e+02
3.850000000000000000e+02 3.860000000000000000e+02
3.850000000000000000e+02 3.860000000000000000e+02
3.850000000000000000e+02 3.860000000000000000e+02
3.850000000000000000e+02 3.860000000000000000e+02
3.850000000000000000e+02 3.860000000000000000e+02
3.850000000000000000e+02 3.860000000000000000e+02
3.850000000000000000e+02 3.860000000000000000e+02
3.850000000000000000e+02 3.860000000000000000e+02
3.850000000000000000e+02 3.860000000000000000e+02
3.850000000000000000e+02 3.860000000000000000e+02
3.850000000000000000e+02 3.860000000000000000e+02
3.850000000000000000e+02 3.860000000000000000e+02
3.850000000000000000e+02 3.860000000000000000e+02
3.850000000000000000e+02 3.860000000000000000e+02
3.850000000000000000e+02 3.860000000000000000e+02
3.850000000000000000e+02 3.860000000000000000e+02
3.850000000000000000e+02 3.860000000000000000e+02
3.850000000000000000e+02 3.860000000000000000e+02
3.850000000000000000e+02 3.860000000000000000e+02
3.850000000000000000e+02 3.860000000000000000e+02
3.850000000000000000e+02 3.860000000000000000e+02
3.850000000000000000e+02 3.860000000000000000e+02
3.850000000000000000e+02 3.860000000000000000e+02
3.850000000000000000e+02 3.860000000000000000e+02
3.850000000000000000e+02 3.860000000000000000e+02
3.850000000000000000e+02 3.860000000000000000e+02
3.850000000000000000e+02 3.860000000000000000e+02
3.850000000000000000e+02 3.860000000000000000e+02
3.850000000000000000e+02 3.860000000000000000e+02
3.850000000000000000e+02 3.860000000000000000e+02
3.850000000000000000e+02 3.860000000000000000e+02
3.850000000000000000e+02 3.860000000000000000e+02
3.850000000000000000e+02 3.860000000000000000e+02
3.850000000000000000e+02 3.860000000000000000e+02
3.850000000000000000e+02 3.860000000000000000e+02
3.850000000000000000e+02 3.860000000000000000e+02
3.850000000000000000e+02 3.860000000000000000e+02
3.850000000000000000e+02 3.860000000000000000e+02
3.850000000000000000e+02 3.860000000000000000e+02
3.850000000000000000e+02 3.860000000000000000e+02
3.850000000000000000e+02 3.860000000000000000e+02
3.850000000000000000e+02 3.860000000000000000e+02
3.850000000000000000e+02 3.860000000000000000e+02
3.850000000000000000e+02 3.860000000000000000e+02
3.850000000000000000e+02 3.860000000000000000e+02
3.850000000000000000e+02 3.860000000000000000e+02
3.850000000000000000e+02 3.860000000000000000e+02
3.850000000000000000e+02 3.860000000000000000e+02
3.850000000000000000e+02 3.860000000000000000e+02
3.850000000000000000e+02 3.860000000000000000e+02
3.850000000000000000e+02 3.860000000000000000e+02
3.850000000000000000e+02 3.860000000000000000e+02
3.850000000000000000e+02 3.860000000000000000e+02
3.850000000000000000e+02 3.860000000000000000e+02
3.850000000000000000e+02 3.860000000000000000e+02
3.850000000000000000e+02 3.860000000000000000e+02
3.850000000000000000e+02 3.860000000000000000e+02
3.850000000000000000e+02 3.860000000000000000e+02
3.850000000000000000e+02 3.860000000000000000e+02
3.850000000000000000e+02 3.860000000000000000e+02
3.850000000000000000e+02 3.860000000000000000e+02
3.850000000000000000e+02 3.860000000000000000e+02
3.850000000000000000e+02 3.860000000000000000e+02
3.850000000000000000e+02 3.860000000000000000e+02
3.850000000000000000e+02 3.860000000000000000e+02
3.850000000000000000e+02 3.860000000000000000e+02
3.850000000000000000e+02 3.860000000000000000e+02
3.850000000000000000e+02 3.860000000000000000e+02
3.850000000000000000e+02 3.860000000000000000e+02
3.850000000000000000e+02 3.860000000000000000e+02
3.850000000000000000e+02 3.860000000000000000e+02
3.850000000000000000e+02 3.860000000000000000e+02
3.850000000000000000e+02 3.860000000000000000e+02
3.850000000000000000e+02 3.860000000000000000e+02
3.850000000000000000e+02 3.860000000000000000e+02
3.850000000000000000e+02 3.860000000000000000e+02
3.850000000000000000e+02 3.920000000000000000e+02
3.850000000000000000e+02 3.990000000000000000e+02
3.860000000000000000e+02 3.880000000000000000e+02
3.860000000000000000e+02 3.880000000000000000e+02
3.860000000000000000e+02 3.880000000000000000e+02
3.860000000000000000e+02 3.990000000000000000e+02
3.860000000000000000e+02 4.030000000000000000e+02
3.860000000000000000e+02 4.030000000000000000e+02
3.860000000000000000e+02 4.030000000000000000e+02
3.860000000000000000e+02 4.090000000000000000e+02
3.860000000000000000e+02 4.090000000000000000e+02
3.880000000000000000e+02 3.920000000000000000e+02
3.880000000000000000e+02 3.980000000000000000e+02
3.880000000000000000e+02 3.980000000000000000e+02
3.880000000000000000e+02 3.980000000000000000e+02
3.880000000000000000e+02 3.980000000000000000e+02
3.880000000000000000e+02 3.990000000000000000e+02
3.880000000000000000e+02 3.990000000000000000e+02
3.880000000000000000e+02 3.990000000000000000e+02
3.880000000000000000e+02 3.990000000000000000e+02
3.880000000000000000e+02 4.020000000000000000e+02
3.880000000000000000e+02 4.020000000000000000e+02
3.880000000000000000e+02 4.030000000000000000e+02
3.880000000000000000e+02 4.030000000000000000e+02
3.880000000000000000e+02 4.030000000000000000e+02
3.880000000000000000e+02 4.030000000000000000e+02
3.880000000000000000e+02 4.030000000000000000e+02
3.880000000000000000e+02 4.030000000000000000e+02
3.880000000000000000e+02 4.030000000000000000e+02
3.880000000000000000e+02 4.030000000000000000e+02
3.880000000000000000e+02 4.030000000000000000e+02
3.880000000000000000e+02 4.030000000000000000e+02
3.880000000000000000e+02 4.030000000000000000e+02
3.880000000000000000e+02 4.030000000000000000e+02
3.880000000000000000e+02 4.030000000000000000e+02
3.880000000000000000e+02 4.030000000000000000e+02
3.880000000000000000e+02 4.030000000000000000e+02
3.880000000000000000e+02 4.030000000000000000e+02
3.880000000000000000e+02 4.030000000000000000e+02
3.880000000000000000e+02 4.030000000000000000e+02
3.880000000000000000e+02 4.030000000000000000e+02
3.880000000000000000e+02 4.030000000000000000e+02
3.880000000000000000e+02 4.030000000000000000e+02
3.880000000000000000e+02 4.030000000000000000e+02
3.880000000000000000e+02 4.030000000000000000e+02
3.880000000000000000e+02 4.030000000000000000e+02
3.880000000000000000e+02 4.030000000000000000e+02
3.880000000000000000e+02 4.030000000000000000e+02
3.880000000000000000e+02 4.030000000000000000e+02
3.880000000000000000e+02 4.030000000000000000e+02
3.880000000000000000e+02 4.030000000000000000e+02
3.880000000000000000e+02 4.030000000000000000e+02
3.880000000000000000e+02 4.030000000000000000e+02
3.880000000000000000e+02 4.030000000000000000e+02
3.880000000000000000e+02 4.030000000000000000e+02
3.880000000000000000e+02 4.030000000000000000e+02
3.880000000000000000e+02 4.030000000000000000e+02
3.880000000000000000e+02 4.060000000000000000e+02
3.880000000000000000e+02 4.060000000000000000e+02
3.880000000000000000e+02 4.060000000000000000e+02
3.880000000000000000e+02 4.070000000000000000e+02
3.880000000000000000e+02 4.080000000000000000e+02
3.880000000000000000e+02 4.090000000000000000e+02
3.900000000000000000e+02 3.930000000000000000e+02
3.900000000000000000e+02 3.930000000000000000e+02
3.920000000000000000e+02 4.010000000000000000e+02
3.950000000000000000e+02 4.070000000000000000e+02
3.960000000000000000e+02 3.970000000000000000e+02
3.960000000000000000e+02 3.970000000000000000e+02
3.960000000000000000e+02 3.970000000000000000e+02
3.960000000000000000e+02 3.970000000000000000e+02
3.960000000000000000e+02 3.970000000000000000e+02
3.960000000000000000e+02 3.970000000000000000e+02
3.960000000000000000e+02 3.970000000000000000e+02
3.960000000000000000e+02 3.980000000000000000e+02
3.960000000000000000e+02 3.990000000000000000e+02
3.960000000000000000e+02 4.040000000000000000e+02
3.980000000000000000e+02 3.990000000000000000e+02
3.980000000000000000e+02 3.990000000000000000e+02
3.980000000000000000e+02 3.990000000000000000e+02
3.980000000000000000e+02 4.010000000000000000e+02
3.980000000000000000e+02 4.010000000000000000e+02
3.980000000000000000e+02 4.020000000000000000e+02
3.980000000000000000e+02 4.020000000000000000e+02
3.980000000000000000e+02 4.030000000000000000e+02
3.980000000000000000e+02 4.030000000000000000e+02
3.980000000000000000e+02 4.030000000000000000e+02
3.980000000000000000e+02 4.060000000000000000e+02
3.980000000000000000e+02 4.070000000000000000e+02
3.980000000000000000e+02 4.070000000000000000e+02
3.990000000000000000e+02 4.000000000000000000e+02
3.990000000000000000e+02 4.000000000000000000e+02
3.990000000000000000e+02 4.000000000000000000e+02
3.990000000000000000e+02 4.000000000000000000e+02
3.990000000000000000e+02 4.000000000000000000e+02
3.990000000000000000e+02 4.000000000000000000e+02
3.990000000000000000e+02 4.000000000000000000e+02
3.990000000000000000e+02 4.000000000000000000e+02
3.990000000000000000e+02 4.000000000000000000e+02
3.990000000000000000e+02 4.000000000000000000e+02
3.990000000000000000e+02 4.000000000000000000e+02
3.990000000000000000e+02 4.000000000000000000e+02
3.990000000000000000e+02 4.000000000000000000e+02
3.990000000000000000e+02 4.000000000000000000e+02
3.990000000000000000e+02 4.000000000000000000e+02
3.990000000000000000e+02 4.000000000000000000e+02
3.990000000000000000e+02 4.000000000000000000e+02
3.990000000000000000e+02 4.000000000000000000e+02
3.990000000000000000e+02 4.000000000000000000e+02
3.990000000000000000e+02 4.000000000000000000e+02
3.990000000000000000e+02 4.000000000000000000e+02
3.990000000000000000e+02 4.000000000000000000e+02
3.990000000000000000e+02 4.000000000000000000e+02
3.990000000000000000e+02 4.000000000000000000e+02
3.990000000000000000e+02 4.000000000000000000e+02
3.990000000000000000e+02 4.000000000000000000e+02
3.990000000000000000e+02 4.000000000000000000e+02
3.990000000000000000e+02 4.000000000000000000e+02
3.990000000000000000e+02 4.000000000000000000e+02
3.990000000000000000e+02 4.000000000000000000e+02
3.990000000000000000e+02 4.000000000000000000e+02
3.990000000000000000e+02 4.000000000000000000e+02
3.990000000000000000e+02 4.000000000000000000e+02
3.990000000000000000e+02 4.000000000000000000e+02
3.990000000000000000e+02 4.000000000000000000e+02
3.990000000000000000e+02 4.000000000000000000e+02
3.990000000000000000e+02 4.000000000000000000e+02
3.990000000000000000e+02 4.000000000000000000e+02
3.990000000000000000e+02 4.030000000000000000e+02
3.990000000000000000e+02 4.030000000000000000e+02
3.990000000000000000e+02 4.030000000000000000e+02
3.990000000000000000e+02 4.030000000000000000e+02
3.990000000000000000e+02 4.030000000000000000e+02
3.990000000000000000e+02 4.030000000000000000e+02
3.990000000000000000e+02 4.030000000000000000e+02
3.990000000000000000e+02 4.070000000000000000e+02
3.990000000000000000e+02 4.070000000000000000e+02
3.990000000000000000e+02 4.070000000000000000e+02
3.990000000000000000e+02 4.070000000000000000e+02
3.990000000000000000e+02 4.080000000000000000e+02
3.990000000000000000e+02 4.090000000000000000e+02
4.000000000000000000e+02 4.050000000000000000e+02
4.000000000000000000e+02 4.070000000000000000e+02
4.000000000000000000e+02 4.070000000000000000e+02
4.010000000000000000e+02 4.020000000000000000e+02
4.010000000000000000e+02 4.020000000000000000e+02
4.010000000000000000e+02 4.020000000000000000e+02
4.010000000000000000e+02 4.020000000000000000e+02
4.010000000000000000e+02 4.020000000000000000e+02
4.010000000000000000e+02 4.020000000000000000e+02
4.010000000000000000e+02 4.020000000000000000e+02
4.010000000000000000e+02 4.020000000000000000e+02
4.010000000000000000e+02 4.020000000000000000e+02
4.010000000000000000e+02 4.020000000000000000e+02
4.010000000000000000e+02 4.020000000000000000e+02
4.010000000000000000e+02 4.020000000000000000e+02
4.010000000000000000e+02 4.020000000000000000e+02
4.010000000000000000e+02 4.020000000000000000e+02
4.010000000000000000e+02 4.020000000000000000e+02
4.010000000000000000e+02 4.020000000000000000e+02
4.010000000000000000e+02 4.020000000000000000e+02
4.010000000000000000e+02 4.020000000000000000e+02
4.010000000000000000e+02 4.020000000000000000e+02
4.010000000000000000e+02 4.020000000000000000e+02
4.010000000000000000e+02 4.020000000000000000e+02
4.010000000000000000e+02 4.020000000000000000e+02
4.010000000000000000e+02 4.020000000000000000e+02
4.010000000000000000e+02 4.020000000000000000e+02
4.010000000000000000e+02 4.020000000000000000e+02
4.010000000000000000e+02 4.020000000000000000e+02
4.010000000000000000e+02 4.020000000000000000e+02
4.010000000000000000e+02 4.020000000000000000e+02
4.010000000000000000e+02 4.020000000000000000e+02
4.010000000000000000e+02 4.020000000000000000e+02
4.010000000000000000e+02 4.020000000000000000e+02
4.010000000000000000e+02 4.020000000000000000e+02
4.010000000000000000e+02 4.020000000000000000e+02
4.010000000000000000e+02 4.020000000000000000e+02
4.010000000000000000e+02 4.020000000000000000e+02
4.010000000000000000e+02 4.020000000000000000e+02
4.010000000000000000e+02 4.040000000000000000e+02
4.020000000000000000e+02 4.030000000000000000e+02
4.020000000000000000e+02 4.030000000000000000e+02
4.020000000000000000e+02 4.030000000000000000e+02
4.020000000000000000e+02 4.030000000000000000e+02
4.020000000000000000e+02 4.030000000000000000e+02
4.020000000000000000e+02 4.050000000000000000e+02
4.020000000000000000e+02 4.050000000000000000e+02
4.020000000000000000e+02 4.060000000000000000e+02
4.030000000000000000e+02 4.040000000000000000e+02
4.030000000000000000e+02 4.040000000000000000e+02
4.030000000000000000e+02 4.040000000000000000e+02
4.030000000000000000e+02 4.040000000000000000e+02
4.030000000000000000e+02 4.040000000000000000e+02
4.030000000000000000e+02 4.040000000000000000e+02
4.030000000000000000e+02 4.040000000000000000e+02
4.030000000000000000e+02 4.040000000000000000e+02
4.030000000000000000e+02 4.040000000000000000e+02
4.030000000000000000e+02 4.040000000000000000e+02
4.030000000000000000e+02 4.040000000000000000e+02
4.030000000000000000e+02 4.040000000000000000e+02
4.030000000000000000e+02 4.040000000000000000e+02
4.030000000000000000e+02 4.040000000000000000e+02
4.030000000000000000e+02 4.040000000000000000e+02
4.030000000000000000e+02 4.040000000000000000e+02
4.030000000000000000e+02 4.040000000000000000e+02
4.030000000000000000e+02 4.040000000000000000e+02
4.030000000000000000e+02 4.060000000000000000e+02
4.030000000000000000e+02 4.070000000000000000e+02
4.030000000000000000e+02 4.070000000000000000e+02
4.030000000000000000e+02 4.070000000000000000e+02
4.030000000000000000e+02 4.090000000000000000e+02
4.030000000000000000e+02 4.090000000000000000e+02
4.040000000000000000e+02 4.050000000000000000e+02
4.050000000000000000e+02 4.060000000000000000e+02
4.050000000000000000e+02 4.060000000000000000e+02
4.050000000000000000e+02 4.060000000000000000e+02
4.050000000000000000e+02 4.060000000000000000e+02
4.050000000000000000e+02 4.060000000000000000e+02
4.050000000000000000e+02 4.060000000000000000e+02
4.050000000000000000e+02 4.060000000000000000e+02
4.050000000000000000e+02 4.060000000000000000e+02
4.050000000000000000e+02 4.060000000000000000e+02
4.050000000000000000e+02 4.060000000000000000e+02
4.050000000000000000e+02 4.060000000000000000e+02
4.050000000000000000e+02 4.060000000000000000e+02
4.050000000000000000e+02 4.060000000000000000e+02
4.050000000000000000e+02 4.060000000000000000e+02
4.050000000000000000e+02 4.060000000000000000e+02
4.060000000000000000e+02 4.070000000000000000e+02
4.060000000000000000e+02 4.070000000000000000e+02
